-10
45.1611
45.1611	45.2611	45.3611	45.4611	45.5611	45.6611	45.7611	45.8611	45.9611	46.0611	46.1611	46.2611	46.3611	46.4611	46.5611	46.6271
46.6271	46.7271	46.8271	46.9271	47.0271	47.1271	47.2271	47.3271	47.4271	47.5271	47.6271	47.7271	47.8271	47.9271	48.0271	48.1271	48.2271	48.3271	48.4271	48.4595
48.4595	48.5595	48.6595	48.7595	48.8595	48.9595	49.0595	49.1595	49.2595	49.3595	49.4595	49.5595	49.6595	49.7595	49.8595	49.9595	50.0595	50.1595	50.2595	50.3595	50.4595	50.5595	50.6595	50.7595	50.8595	50.9595	51.0595	51.1595	51.2595	51.3595	51.4595	51.5595	51.6595	51.7595	51.8595	51.9595	52.0595	52.1595	52.2595	52.3595	52.4595	52.5595	52.6595	52.7595	52.8595	52.9595	53.0595	53.1595	53.2595	53.3595	53.4595	53.5595	53.6595	53.7595	53.8595	53.9595	54.0595	54.1595	54.2595	54.3595	54.4595	54.5595	54.6595	54.7595	54.8595	54.9595	55.0595	55.1595	55.2595	55.3595	55.4595	55.5595	55.6595	55.7595	55.8595	55.9595	56.0595	56.1556
56.1556	56.2556	56.3556	56.4556	56.5556	56.6556	56.7556	56.8556	56.9556	57.0556	57.1556	57.2556	57.3556	57.4556	57.5556	57.6556	57.7556	57.8556	57.9556	58.0556	58.1556	58.2556	58.3556	58.4556	58.5556	58.6556	58.7556	58.8556	58.9556	59.0556	59.1556	59.2556	59.3556	59.4556	59.5556	59.6556	59.7556	59.8556	59.9556	60.0556	60.1556	60.2556	60.3556	60.4556	60.5556	60.6556	60.7556	60.8556	60.9556	61.0556	61.1556	61.2556	61.3556	61.4556	61.5556	61.6556	61.7556	61.8556	61.9556	62.0556	62.1556	62.2556	62.3556	62.4556	62.5556	62.6556	62.7556	62.8556	62.9556	63.0556	63.1556	63.2556	63.3556	63.4556	63.5556	63.6556	63.7556	63.8556	63.9556	64.0556	64.1556	64.2556	64.3556	64.4556	64.5556	64.6556	64.7556	64.8556	64.9556	65.0556	65.1556	65.2556	65.3556	65.4556	65.5556	65.6556	65.7556	65.8556	65.9556	66.0556	66.1556	66.2556	66.3556	66.4556	66.5556	66.6556	66.7556	66.8556	66.9556	67.0556	67.1556	67.2556	67.3556	67.4556	67.5556	67.6556	67.7556	67.8556	67.9556	68.0556	68.1556	68.2556	68.3556	68.4556	68.5556	68.6556	68.7556	68.8556	68.9556	69.0556	69.1556	69.2556	69.3556	69.4556	69.5556	69.6556	69.7556	69.8556	69.9556	70.0556	70.1556	70.2556	70.3556	70.4556	70.5556	70.6556	70.7556	70.8556	70.9556	71.0556	71.1556	71.2556	71.3556	71.4556	71.5556	71.6556	71.7556	71.8556	71.9556	72.0556	72.1556	72.2556	72.3556	72.4556	72.5556	72.6556	72.7556	72.8556	72.9556	73.0556	73.1556	73.2556	73.3556	73.3803
73.3803	73.4803	73.5803	73.6803	73.7803	73.8803	73.9803	74.0803	74.1803	74.2803	74.3803	74.4803	74.5803	74.6803	74.7803	74.8803	74.9803	75.0803	75.1803	75.2803	75.3803	75.4803	75.5803	75.6803	75.7803	75.8803	75.9803	76.0803	76.1803	76.2803	76.3803	76.4803	76.5803	76.6803	76.7803	76.8803	76.9803	77.0803	77.1803	77.2803	77.3803	77.4803	77.5803	77.6803	77.7803	77.8803	77.9803	78.0803	78.1803	78.2803	78.3803	78.4803	78.5803	78.6803	78.7803	78.8803	78.9803	79.0803	79.1803	79.2803	79.3803	79.4803	79.5803	79.6803	79.7803	79.8803	79.9803	80.0803	80.1803	80.2803	80.3803	80.4803	80.5803	80.6803	80.7803	80.8803	80.9803	81.0803	81.1803	81.2803	81.3803	81.4429
81.4429	81.5429	81.6429	81.7429	81.8429	81.9429	82.0429	82.1429	82.2429	82.3429	82.4429	82.5429	82.6429	82.7429	82.8429	82.9429	83.0429	83.1429	83.2429	83.3429	83.4429	83.5429	83.6429	83.7429	83.8429	83.9429	84.0429	84.1429	84.2429	84.3429	84.4429	84.5429	84.6429	84.7429	84.8429	84.9429	85.0429	85.1429	85.2429	85.3429	85.4429	85.5429	85.6429	85.7429	85.8429	85.9429	86.0429	86.1429	86.2072
86.2072	86.3072	86.4072	86.5072	86.6072	86.7072	86.8072	86.9072	87.0072	87.1072	87.2072	87.3072	87.4072	87.5072	87.6072	87.7072	87.8072	87.9072	88.0072	88.1072	88.2072	88.3072	88.4072	88.5072	88.6072	88.7072	88.8072	88.9072	89.0072	89.1072	89.2072	89.3072	89.4072	89.5055
89.5055	89.6055	89.7055	89.8055	89.9055	90.0055	90.1055	90.2055	90.3055	90.4055	90.5055	90.6055	90.7055	90.8055	90.9055	91.0055	91.1055	91.2055	91.3055	91.4055	91.5055	91.6055	91.7055	91.8055	91.9055	92.0055	92.1055	92.2055	92.3055	92.4055	92.5055	92.6055	92.7055	92.8055	92.9055	93.0055	93.1055	93.2055	93.3055	93.4055	93.5055	93.6055	93.7055	93.8055	93.9033
93.9033	94.0033	94.1033	94.2033	94.3033	94.4033	94.5033	94.6033	94.7033	94.8033	94.9033	95.0033	95.1033	95.2033	95.3033	95.4033	95.5033	95.6033	95.7033	95.8033	95.9033	96.0033	96.1033	96.2033	96.3033	96.4033	96.5033	96.6033	96.7033	96.8033	96.9033	97.0033	97.1033	97.2033	97.3033	97.4033	97.5033	97.5681
97.5681	97.6681	97.7681	97.8681	97.9681	98.0681	98.1681	98.2681	98.3681	98.4681	98.5681	98.6681	98.7681	98.8681	98.9681	99.0681	99.1681	99.2681	99.3681	99.4681	99.5681	99.6681	99.7681	99.8681	99.9681	100.068	100.168	100.268	100.368	100.468	100.568	100.668	100.768	100.868	100.968	101.068	101.168	101.268	101.368	101.468	101.568	101.599
101.599	101.699	101.799	101.899	101.999	102.099	102.199	102.299	102.399	102.499	102.599	102.699	102.799	102.899	102.999	103.099	103.199	103.299	103.399	103.499	103.599	103.699	103.799	103.899	103.999	104.099	104.199	104.299	104.399	104.499	104.599	104.699	104.799	104.899	104.999	105.099	105.199	105.299	105.399	105.499	105.599	105.699	105.799	105.899	105.999	106.099	106.199	106.299	106.399	106.499	106.599	106.699	106.799	106.899	106.999	107.099	107.199	107.299	107.399	107.499	107.599	107.699	107.799	107.899	107.999	108.099	108.199	108.299	108.399	108.499	108.599	108.699	108.799	108.899	108.929
108.929	109.029	109.129	109.229	109.329	109.429	109.529	109.629	109.729	109.829	109.929	110.029	110.129	110.229	110.329	110.429	110.529	110.629	110.729	110.829	110.929	111.029	111.129	111.229	111.329	111.429	111.494
111.494	111.594	111.694	111.794	111.894	111.994	112.094	112.194	112.294	112.394	112.494	112.594	112.694	112.794	112.894	112.994	113.094	113.194	113.294	113.394	113.494	113.594	113.694	113.794	113.894	113.994	114.06
114.06	114.16	114.26	114.36	114.46	114.56	114.66	114.76	114.86	114.96	115.06	115.16	115.26	115.36	115.46	115.56	115.66	115.76	115.86	115.892
115.892	115.992	116.092	116.192	116.292	116.392	116.492	116.592	116.692	116.792	116.892	116.992	117.092	117.192	117.292	117.392	117.492	117.592	117.692	117.725
117.725	117.825	117.925	118.025	118.125	118.225	118.325	118.425	118.525	118.625	118.725	118.825	118.925	119.025	119.125	119.225	119.325	119.425	119.525	119.625	119.725	119.825	119.925	120.025	120.125	120.225	120.325	120.425	120.525	120.625	120.725	120.825	120.925	121.023
121.023	121.123	121.223	121.323	121.423	121.523	121.623	121.723	121.823	121.923	122.023	122.123	122.223	122.323	122.423	122.523	122.623	122.723	122.823	122.923	123.023	123.123	123.223	123.323	123.423	123.523	123.623	123.723	123.823	123.923	124.023	124.123	124.223	124.323	124.423	124.523	124.623	124.723	124.823	124.923	125.023	125.123	125.223	125.323	125.423	125.523	125.623	125.723	125.823	125.923	126.023	126.123	126.154
126.154	126.254	126.354	126.454	126.554	126.654	126.754	126.854	126.954	127.054	127.154	127.253
127.253	127.353	127.453	127.553	127.653	127.753	127.853	127.953	128.053	128.153	128.253	128.353	128.453	128.553	128.653	128.719
128.719	128.819	128.919	129.019	129.119	129.219	129.319	129.419	129.519	129.619	129.719	129.819	129.919	130.019	130.119	130.185
130.185	130.285	130.385	130.485	130.585	130.685	130.785	130.885	130.985	131.085	131.185	131.285
131.285	131.385	131.485	131.585	131.651
131.651	131.751	131.851	131.951	132.017
132.017	132.117	132.217	132.317	132.384
132.384	132.284	132.184	132.084	131.984	131.884	131.784	131.684	131.584	131.484	131.384	131.284	131.184	131.084	130.984	130.884	130.784	130.684	130.584	130.484	130.384	130.284	130.184	130.084	129.984	129.884	129.784	129.684	129.584	129.484	129.384	129.284	129.184	129.084	128.984	128.884	128.784	128.684	128.584	128.484	128.384	128.284	128.184	128.084	127.984	127.884	127.784	127.684	127.584	127.484	127.384	127.284	127.184	127.084	126.984	126.884	126.784	126.684	126.584	126.484	126.384	126.284	126.184	126.084	125.984	125.884	125.787
125.787	125.687	125.587	125.487	125.387	125.287	125.187	125.087	124.987	124.887	124.787	124.687	124.587	124.487	124.387	124.287	124.187	124.087	123.987	123.887	123.787	123.687	123.587	123.487	123.387	123.287	123.187	123.087	122.987	122.887	122.787	122.687	122.587	122.487	122.387	122.287	122.187	122.087	121.987	121.887	121.787	121.687	121.587	121.487	121.387	121.287	121.187	121.087	120.987	120.887	120.787	120.687	120.657
120.657	120.557	120.457	120.357	120.257	120.157	120.057	119.957	119.857	119.757	119.657	119.557	119.457	119.357	119.257	119.157	119.057	118.957	118.857	118.757	118.657	118.557	118.457	118.357	118.257	118.157	118.057	117.957	117.857	117.757	117.657	117.557	117.457	117.357	117.257	117.157	117.057	116.957	116.857	116.757	116.657	116.557	116.457	116.357	116.257	116.157	116.057	115.957	115.857	115.757	115.657	115.557	115.526
115.526	115.426	115.326	115.226	115.126	115.026	114.926	114.826	114.726	114.626	114.526	114.426	114.326	114.226	114.126	114.026	113.926	113.826	113.726	113.626	113.526	113.426	113.326	113.226	113.126	113.026	112.926	112.826	112.726	112.626	112.526	112.426	112.326	112.226	112.126	112.026	111.926	111.826	111.726	111.626	111.526	111.426	111.326	111.226	111.126	111.026	110.926	110.826	110.726	110.626	110.526	110.426	110.326	110.226	110.126	110.026	109.926	109.826	109.726	109.626	109.526	109.426	109.326	109.226	109.126	109.026	108.926	108.826	108.726	108.626	108.526	108.426	108.326	108.226	108.126	108.026	107.926	107.826	107.726	107.626	107.526	107.463
107.463	107.363	107.263	107.163	107.063	106.963	106.863	106.763	106.663	106.563	106.463	106.363	106.263	106.163	106.063	105.963	105.863	105.763	105.663	105.563	105.463	105.363	105.263	105.163	105.063	104.963	104.863	104.763	104.663	104.563	104.463	104.363	104.263	104.163	104.063	103.963	103.863	103.763	103.663	103.563	103.463	103.363	103.263	103.163	103.063	102.963	102.863	102.763	102.663	102.563	102.463	102.363	102.263	102.163	102.063	101.963	101.863	101.763	101.663	101.563	101.463	101.363	101.263	101.163	101.063	100.963	100.863	100.763	100.663	100.563	100.463	100.363	100.263	100.163	100.063	99.9632	99.8632	99.7632	99.6632	99.5632	99.4632	99.3632	99.2632	99.1632	99.0632	98.9632	98.8632	98.7632	98.6632	98.5632	98.4632	98.3632	98.2632	98.1632	98.0632	97.9632	97.9346
97.9346	97.8346	97.7346	97.6346	97.5346	97.4346	97.3346	97.2346	97.1346	97.0346	96.9346	96.8346	96.7346	96.6346	96.5346	96.4346	96.3346	96.2346	96.1346	96.0346	95.9346	95.8346	95.7346	95.6346	95.5346	95.4346	95.3346	95.2346	95.1346	95.0346	94.9346	94.8346	94.7346	94.6346	94.5346	94.4346	94.3346	94.2346	94.1346	94.0346	93.9346	93.8346	93.7346	93.6346	93.5346	93.4346	93.3346	93.2346	93.1346	93.0346	92.9346	92.8346	92.7346	92.6346	92.5346	92.4346	92.3346	92.2346	92.1346	92.0346	91.9346	91.8346	91.7346	91.6346	91.5346	91.4346	91.3346	91.2346	91.1346	91.0346	90.9346	90.8346	90.7346	90.6346	90.5346	90.4346	90.3346	90.2346	90.1346	90.0346	89.9346	89.8346	89.7346	89.6346	89.5346	89.4346	89.3346	89.2346	89.1346	89.0346	88.9346	88.8346	88.7346	88.6346	88.5346	88.4346	88.3346	88.2346	88.1346	88.0346	87.9346	87.8346	87.7346	87.6346	87.5346	87.4346	87.3346	87.2346	87.1346	87.0346	86.9346	86.8346	86.7346	86.6346	86.5346	86.4346	86.3346	86.2346	86.1346	86.0346	85.9346	85.8346	85.7346	85.6346	85.5346	85.4346	85.3346	85.2346	85.1346	85.0346	84.9346	84.8346	84.7413
84.7413	84.6413	84.5413	84.4413	84.3413	84.2413	84.1413	84.0413	83.9413	83.8413	83.7413	83.6413	83.5413	83.4413	83.3413	83.2413	83.1413	83.0413	82.9413	82.8413	82.7413	82.6413	82.5413	82.4413	82.3413	82.2413	82.1413	82.0413	81.9413	81.8413	81.7413	81.6413	81.5413	81.4413	81.3413	81.2413	81.1413	81.0413	80.9413	80.8413	80.7413	80.6413	80.5413	80.4413	80.3413	80.2413	80.1413	80.0413	79.977
79.977	79.877	79.777	79.677	79.577	79.477	79.377	79.277	79.177	79.077	78.977	78.877	78.777	78.677	78.577	78.477	78.377	78.277	78.177	78.077	77.977	77.877	77.777	77.677	77.577	77.477	77.377	77.277	77.177	77.077	76.977	76.877	76.777	76.677	76.577	76.477	76.377	76.277	76.177	76.077	75.977	75.877	75.777	75.677	75.577	75.477	75.377	75.277	75.177	75.077	74.977	74.877	74.8462
74.8462	74.7462	74.6462	74.5462	74.4462	74.3462	74.2462	74.1462	74.0462	73.9462	73.8462	73.7462	73.6462	73.5462	73.4462	73.3462	73.2462	73.1462	73.0462	72.9462	72.8462	72.7462	72.6462	72.5462	72.4462	72.3462	72.2462	72.1462	72.0462	71.9462	71.8462	71.7462	71.6462	71.5462	71.4462	71.3462	71.2462	71.1462	71.0462	70.9462	70.8462	70.7462	70.6462	70.5462	70.4462	70.3462	70.2462	70.1462	70.0462	69.9462	69.8462	69.7462	69.7155
69.7155	69.6155	69.5155	69.4155	69.3155	69.2155	69.1155	69.0155	68.9155	68.8155	68.7155	68.6155	68.5155	68.4155	68.3155	68.2155	68.1155	68.0155	67.9155	67.8155	67.7155	67.6155	67.5155	67.4155	67.3155	67.2155	67.1155	67.0155	66.9155	66.8155	66.7155	66.6155	66.5155	66.4155	66.3155	66.2155	66.1155	66.0155	65.9155	65.8155	65.7155	65.6155	65.5155	65.4155	65.3155	65.2155	65.1155	65.0155	64.9512
64.9512	64.8512	64.7512	64.6512	64.5512	64.4512	64.3512	64.2512	64.1512	64.0512	63.9512	63.8512	63.7512	63.6512	63.5512	63.4512	63.3512	63.2512	63.1512	63.0512	62.9512	62.8512	62.7512	62.6512	62.5512	62.4512	62.3512	62.2512	62.1512	62.0512	61.9512	61.8512	61.7512	61.6512	61.5512	61.4512	61.3512	61.2864
61.2864	61.1864	61.0864	60.9864	60.8864	60.7864	60.6864	60.5864	60.4864	60.3864	60.2864	60.1864	60.0864	59.9864	59.8864	59.7864	59.6864	59.5864	59.4864	59.3864	59.2864	59.1864	59.0875
59.0875	58.9875	58.8875	58.7875	58.6875	58.5875	58.4875	58.3875	58.2875	58.1875	58.0875	57.9875	57.8875	57.7875	57.6875	57.5875	57.4875	57.3875	57.2875	57.2551
57.2551	57.1551	57.0551	56.9551	56.8886
56.8886	56.7886	56.6886	56.5886	56.5221
56.5221	56.4221	56.3221	56.2221	56.1221	56.0221	55.9221	55.8221	55.7891
55.7891	55.7891	55.7891	55.7891	55.7891	55.7891	55.7891	55.7891	55.7891	55.7891	55.7891
55.7891	55.6891	55.5891	55.4891	55.3891	55.2891	55.1891	55.0891	55.0562
55.0562	54.9562	54.8562	54.7562	54.6897
54.6897	54.5897	54.4897	54.3897	54.3232
54.3232	54.2232	54.1232	54.0232	53.9232	53.8232	53.7232	53.6232	53.5902
53.5902	53.4902	53.3902	53.2902	53.1902	53.0902	52.9902	52.8902	52.7902	52.6902	52.5902	52.4908
52.4908	52.3908	52.2908	52.1908	52.0908	51.9908	51.8908	51.7908	51.6908	51.5908	51.4908	51.3908	51.2908	51.1908	51.0908	50.9908	50.8908	50.7908	50.6908	50.5908	50.4908	50.3908	50.2919
50.2919	50.1919	50.0919	49.9919	49.8919	49.7919	49.6919	49.5919	49.4919	49.3919	49.2919	49.1919	49.0919	48.9919	48.8919	48.7919	48.6919	48.5919	48.4919	48.3919	48.2919	48.1919	48.0919	47.9919	47.8919	47.7919	47.6919	47.5919	47.4919	47.3919	47.2919	47.1919	47.0919	46.9936
46.9936	46.8936	46.7936	46.6936	46.5936	46.4936	46.3936	46.2936	46.1936	46.0936	45.9936	45.8936	45.7936	45.6936	45.5936	45.4936	45.3936	45.2936	45.1936	45.1611
45.1611	45.0611	44.9611	44.8611	44.7611	44.6611	44.5611	44.4611	44.3611	44.2611	44.1611	44.0611	43.9611	43.8611	43.7611	43.6952
43.6952	43.5952	43.4952	43.3952	43.2952	43.1952	43.0952	42.9952	42.8952	42.7952	42.6952	42.5958
42.5958	42.4958	42.3958	42.2958	42.2293
42.2293	42.1293	42.0293	41.9293	41.8628
41.8628	41.7628	41.6628	41.5628	41.4963
41.4963	41.5963	41.6963	41.7963	41.8963	41.9963	42.0963	42.1963	42.2293
42.2293	42.3293	42.4293	42.5293	42.6293	42.7293	42.8293	42.9293	43.0293	43.1293	43.2293	43.3293	43.4293	43.5293	43.6293	43.7293	43.8293	43.9293	44.0293	44.1293	44.2293	44.3293	44.4293	44.5293	44.6293	44.7293	44.8293	44.9293	45.0293	45.1293	45.2293	45.3293	45.4293	45.5276
45.5276	45.6276	45.7276	45.8276	45.9276	46.0276	46.1276	46.2276	46.3276	46.4276	46.5276	46.6276	46.7276	46.8276	46.9276	47.0276	47.1276	47.2276	47.3276	47.4276	47.5276	47.6276	47.7265
47.7265	47.8265	47.9265	48.0265	48.1265	48.2265	48.3265	48.4265	48.5265	48.6265	48.7265	48.8265	48.9265	49.0265	49.1265	49.2265	49.3265	49.4265	49.5265	49.6265	49.7265	49.8265	49.9265	50.0265	50.1265	50.2265	50.3265	50.4265	50.5265	50.6265	50.7265	50.8265	50.9265	51.0265	51.1265	51.2265	51.3265	51.4265	51.5265	51.6265	51.7265	51.8265	51.9265	52.0265	52.1265	52.2265	52.3265	52.4265	52.5265	52.6265	52.7265	52.8265	52.9265	53.0265	53.1265	53.2265	53.3265	53.4265	53.5265	53.6265	53.7265	53.8265	53.9265	54.0265	54.1265	54.2265	54.3265	54.4265	54.5265	54.6265	54.7265	54.8265	54.9265	55.0265	55.1265	55.2265	55.3265	55.4265	55.5265	55.6265	55.7265	55.8265	55.9265	56.0265	56.1265	56.1556
56.1556	56.2556	56.3556	56.4556	56.5556	56.6556	56.7556	56.8556	56.9556	57.0556	57.1556	57.2556	57.3556	57.4556	57.5556	57.6556	57.7556	57.8556	57.9556	58.0556	58.1556	58.2556	58.3556	58.4556	58.5556	58.6556	58.7556	58.8556	58.9556	59.0556	59.1556	59.2556	59.3556	59.4556	59.5556	59.6556	59.7556	59.8556	59.9556	60.0556	60.1556	60.2556	60.3556	60.4556	60.5556	60.6556	60.7556	60.8556	60.9556	61.0556	61.1556	61.2556	61.3556	61.4556	61.5556	61.6556	61.7556	61.8556	61.9556	62.0193
62.0193	62.1193	62.2193	62.3193	62.4193	62.5193	62.6193	62.7193	62.8193	62.9193	63.0193	63.1193	63.2193	63.3193	63.4193	63.5193	63.6193	63.7193	63.8193	63.9193	64.0193	64.1193	64.2193	64.3193	64.4193	64.5193	64.6193	64.7193	64.8193	64.9193	65.0193	65.1193	65.2193	65.3193	65.4193	65.5193	65.6193	65.7193	65.8193	65.9193	66.0193	66.1193	66.2193	66.3193	66.4193	66.5193	66.6193	66.7193	66.8193	66.9193	67.0193	67.1193	67.2193	67.3193	67.4193	67.5193	67.6193	67.7193	67.8193	67.8831
67.8831	67.9831	68.0831	68.1831	68.2831	68.3831	68.4831	68.5831	68.6831	68.7831	68.8831	68.9831	69.0831	69.1831	69.2831	69.3831	69.4831	69.5831	69.6831	69.7831	69.8831	69.9831	70.0831	70.1831	70.2831	70.3831	70.4831	70.5831	70.6831	70.7831	70.8831	70.9831	71.0831	71.1831	71.2831	71.3831	71.4831	71.5831	71.6831	71.7831	71.8831	71.9831	72.0831	72.1831	72.2831	72.3831	72.4831	72.5831	72.6831	72.7831	72.8831	72.9831	73.0831	73.1831	73.2831	73.3831	73.4831	73.5831	73.6831	73.7831	73.8831	73.9831	74.0831	74.1831	74.2831	74.3831	74.4831	74.5831	74.6831	74.7831	74.8831	74.9831	75.0831	75.1831	75.2831	75.3831	75.4831	75.5831	75.6831	75.7831	75.8831	75.9831	76.0831	76.1831	76.2831	76.3831	76.4831	76.5831	76.6831	76.7831	76.8831	76.9831	77.0831	77.1831	77.2831	77.3831	77.4831	77.5831	77.6831	77.7831	77.8831	77.9831	78.0831	78.1446
78.1446	78.2446	78.3446	78.4446	78.5446	78.6446	78.7446	78.8446	78.9446	79.0446	79.1446	79.2446	79.3446	79.4446	79.5446	79.6446	79.7446	79.8446	79.9446	80.0446	80.1446	80.2446	80.3446	80.4446	80.5446	80.6446	80.7446	80.8446	80.9446	81.0446	81.1446	81.2446	81.3446	81.4446	81.5446	81.6446	81.7446	81.8446	81.9446	82.0446	82.1446	82.2446	82.3446	82.4446	82.5446	82.6446	82.7446	82.8446	82.9446	83.0446	83.1446	83.2446	83.3446	83.4446	83.5446	83.6446	83.7446	83.8446	83.9446	84.0446	84.1446	84.2446	84.3446	84.4446	84.5446	84.6446	84.7446	84.8446	84.9446	85.0446	85.1446	85.2446	85.3446	85.4446	85.5446	85.6446	85.7446	85.8407
85.8407	85.9407	86.0407	86.1407	86.2407	86.3407	86.4407	86.5407	86.6407	86.7407	86.8407	86.9407	87.0407	87.1407	87.2407	87.3407	87.4407	87.5407	87.6407	87.7407	87.8407	87.9407	88.0407	88.1407	88.2407	88.3407	88.4407	88.5407	88.6407	88.7407	88.8407	88.9407	89.0407	89.1407	89.2407	89.3407	89.4407	89.5407	89.6407	89.7407	89.8407	89.9407	90.0407	90.1407	90.2407	90.3407	90.4407	90.5407	90.6407	90.7407	90.8407	90.9407	91.0407	91.1407	91.2407	91.3407	91.4407	91.5407	91.6407	91.7407	91.8407	91.9407	92.0407	92.1407	92.2407	92.3407	92.4407	92.5407	92.6407	92.7407	92.8407	92.9407	93.0407	93.1407	93.2407	93.3407	93.4407	93.5407	93.6407	93.7407	93.8407	93.9407	94.0407	94.1407	94.2407	94.3407	94.4407	94.5407	94.6407	94.7407	94.8407	94.9407	95.0407	95.1407	95.2407	95.3407	95.4407	95.5407	95.6407	95.7407	95.8407	95.9407	96.0407	96.1407	96.2407	96.3407	96.4407	96.5407	96.6407	96.7407	96.8407	96.9407	97.0407	97.1407	97.2407	97.3407	97.4407	97.5407	97.5681
97.5681	97.6681	97.7681	97.8681	97.9681	98.0681	98.1681	98.2681	98.3681	98.4681	98.5681	98.6681	98.7681	98.8681	98.9681	99.0681	99.1681	99.2681	99.3681	99.4681	99.5681	99.6681	99.7681	99.8681	99.9681	100.068	100.168	100.268	100.368	100.468	100.568	100.668	100.768	100.868	100.968	101.068	101.168	101.268	101.368	101.468	101.568	101.668	101.768	101.868	101.968	102.068	102.168	102.268	102.368	102.468	102.568	102.668	102.768	102.868	102.968	103.068	103.168	103.268	103.368	103.468	103.568	103.668	103.768	103.868	103.968	104.068	104.168	104.268	104.368	104.468	104.568	104.668	104.768	104.868	104.968	105.068	105.168	105.268	105.368	105.468	105.568	105.631
105.631	105.731	105.831	105.931	106.031	106.131	106.231	106.331	106.431	106.531	106.631	106.731	106.831	106.931	107.031	107.131	107.231	107.331	107.431	107.531	107.631	107.731	107.831	107.931	108.031	108.131	108.231	108.331	108.431	108.531	108.631	108.731	108.831	108.931	109.031	109.131	109.231	109.331	109.431	109.531	109.631	109.731	109.831	109.931	110.031	110.131	110.231	110.331	110.431	110.531	110.631	110.731	110.831	110.931	111.031	111.128
111.128	111.228	111.328	111.428	111.528	111.628	111.728	111.828	111.928	112.028	112.128	112.228	112.328	112.428	112.528	112.628	112.728	112.828	112.928	113.028	113.128	113.228	113.328	113.428	113.528	113.628	113.728	113.828	113.928	114.028	114.128	114.228	114.328	114.428	114.528	114.628	114.728	114.828	114.928	115.028	115.128	115.228	115.328	115.428	115.528	115.628	115.728	115.828	115.928	116.028	116.128	116.228	116.328	116.428	116.528	116.628	116.728	116.828	116.928	117.028	117.128	117.228	117.328	117.428	117.528	117.628	117.728	117.828	117.928	118.028	118.128	118.228	118.328	118.428	118.528	118.628	118.728	118.828	118.928	119.028	119.128	119.228	119.328	119.428	119.528	119.628	119.728	119.828	119.928	120.028	120.128	120.228	120.29
120.29	120.39	120.49	120.59	120.69	120.79	120.89	120.99	121.09	121.19	121.29	121.39	121.49	121.59	121.69	121.79	121.89	121.99	122.09	122.19	122.29	122.39	122.49	122.59	122.69	122.79	122.855
122.855	122.955	123.055	123.155	123.255	123.355	123.455	123.555	123.655	123.755	123.855	123.955	124.055	124.155	124.255	124.355	124.455	124.555	124.655	124.755	124.855	124.955	125.055	125.155	125.255	125.355	125.455	125.555	125.655	125.755	125.855	125.955	126.055	126.155	126.255	126.355	126.455	126.52
126.52	126.62	126.72	126.82	126.92	127.02	127.12	127.22	127.32	127.42	127.52	127.62	127.72	127.82	127.92	128.02	128.12	128.22	128.32	128.42	128.52	128.62	128.72	128.82	128.92	129.02	129.12	129.22	129.32	129.42	129.452
129.452	129.552	129.652	129.752	129.819
129.819	129.919	130.019	130.119	130.219	130.319	130.419	130.519	130.619	130.719	130.819	130.918
130.918	131.018	131.118	131.218	131.285
