-10
148.623
148.623	148.654	148.686	148.718	148.75	148.781	148.813	148.845	148.876	148.908	148.94	148.972	149.003	149.035	149.067	149.088
149.088	149.113	149.138	149.164	149.189	149.214	149.24	149.265	149.291	149.316	149.341	149.367	149.392	149.417	149.443	149.468	149.494	149.519	149.544	149.553
149.553	149.577	149.601	149.625	149.649	149.673	149.698	149.722	149.746	149.77	149.794	149.818	149.843	149.867	149.891	149.915	149.939	149.963	149.988	150.012	150.036	150.06	150.084	150.108	150.133	150.157	150.181	150.205	150.229	150.253	150.278	150.302	150.326	150.35	150.374	150.398	150.423	150.447	150.471	150.495	150.519	150.543	150.568	150.592	150.616	150.64	150.664	150.688	150.713	150.737	150.761	150.785	150.809	150.833	150.858	150.882	150.906	150.93	150.954	150.978	151.003	151.027	151.051	151.075	151.099	151.123	151.147	151.172	151.196	151.22	151.244	151.268	151.292	151.317	151.341	151.365	151.389	151.412
151.412	151.429	151.445	151.461	151.477	151.493	151.51	151.526	151.542	151.558	151.574	151.591	151.607	151.623	151.639	151.655	151.672	151.688	151.704	151.72	151.736	151.753	151.769	151.785	151.801	151.817	151.833	151.85	151.866	151.882	151.898	151.914	151.931	151.947	151.963	151.979	151.995	152.012	152.028	152.044	152.06	152.076	152.093	152.109	152.125	152.141	152.157	152.174	152.19	152.206	152.222	152.238	152.255	152.271	152.287	152.303	152.319	152.336	152.352	152.368	152.384	152.4	152.417	152.433	152.449	152.465	152.481	152.498	152.514	152.53	152.546	152.562	152.578	152.595	152.611	152.627	152.643	152.659	152.676	152.692	152.708	152.724	152.74	152.757	152.773	152.789	152.805	152.821	152.838	152.854	152.87	152.886	152.902	152.919	152.935	152.951	152.967	152.983	153	153.016	153.032	153.048	153.064	153.081	153.097	153.113	153.129	153.145	153.162	153.178	153.194	153.21	153.226	153.243	153.259	153.275	153.291	153.307	153.324	153.34	153.356	153.372	153.388	153.404	153.421	153.437	153.453	153.469	153.485	153.502	153.518	153.534	153.55	153.566	153.583	153.599	153.615	153.631	153.647	153.664	153.68	153.696	153.712	153.728	153.745	153.761	153.777	153.793	153.809	153.826	153.842	153.858	153.874	153.89	153.907	153.923	153.939	153.955	153.971	153.988	154.004	154.02	154.036	154.052	154.069	154.085	154.101	154.117	154.133	154.15	154.166	154.182	154.198	154.202
154.202	154.202	154.202	154.202	154.202	154.202	154.202	154.202	154.202	154.202	154.202	154.202	154.202	154.202	154.202	154.202	154.202	154.202	154.202	154.202	154.202	154.202	154.202	154.202	154.202	154.202	154.202	154.202	154.202	154.202	154.202	154.202	154.202	154.202	154.202	154.202	154.202	154.202	154.202	154.202	154.202	154.202	154.202	154.202	154.202	154.202	154.202	154.202	154.202	154.202	154.202	154.202	154.202	154.202	154.202	154.202	154.202	154.202	154.202	154.202	154.202	154.202	154.202	154.202	154.202	154.202	154.202	154.202	154.202	154.202	154.202	154.202	154.202	154.202	154.202	154.202	154.202	154.202	154.202	154.202	154.202	154.202
154.202	154.212	154.222	154.231	154.241	154.251	154.261	154.27	154.28	154.29	154.3	154.309	154.319	154.329	154.339	154.348	154.358	154.368	154.378	154.388	154.397	154.407	154.417	154.427	154.436	154.446	154.456	154.466	154.475	154.485	154.495	154.505	154.514	154.524	154.534	154.544	154.553	154.563	154.573	154.583	154.592	154.602	154.612	154.622	154.632	154.641	154.651	154.661	154.667
154.667	154.667	154.667	154.667	154.667	154.667	154.667	154.667	154.667	154.667	154.667	154.667	154.667	154.667	154.667	154.667	154.667	154.667	154.667	154.667	154.667	154.667	154.667	154.667	154.667	154.667	154.667	154.667	154.667	154.667	154.667	154.667	154.667	154.667
154.667	154.667	154.667	154.667	154.667	154.667	154.667	154.667	154.667	154.667	154.667	154.667	154.667	154.667	154.667	154.667	154.667	154.667	154.667	154.667	154.667	154.667	154.667	154.667	154.667	154.667	154.667	154.667	154.667	154.667	154.667	154.667	154.667	154.667	154.667	154.667	154.667	154.667	154.667	154.667	154.667	154.667	154.667	154.667	154.667
154.667	154.667	154.667	154.667	154.667	154.667	154.667	154.667	154.667	154.667	154.667	154.667	154.667	154.667	154.667	154.667	154.667	154.667	154.667	154.667	154.667	154.667	154.667	154.667	154.667	154.667	154.667	154.667	154.667	154.667	154.667	154.667	154.667	154.667	154.667	154.667	154.667	154.667
154.667	154.667	154.667	154.667	154.667	154.667	154.667	154.667	154.667	154.667	154.667	154.667	154.667	154.667	154.667	154.667	154.667	154.667	154.667	154.667	154.667	154.667	154.667	154.667	154.667	154.667	154.667	154.667	154.667	154.667	154.667	154.667	154.667	154.667	154.667	154.667	154.667	154.667	154.667	154.667	154.667	154.667
154.667	154.667	154.667	154.667	154.667	154.667	154.667	154.667	154.667	154.667	154.667	154.667	154.667	154.667	154.667	154.667	154.667	154.667	154.667	154.667	154.667	154.667	154.667	154.667	154.667	154.667	154.667	154.667	154.667	154.667	154.667	154.667	154.667	154.667	154.667	154.667	154.667	154.667	154.667	154.667	154.667	154.667	154.667	154.667	154.667	154.667	154.667	154.667	154.667	154.667	154.667	154.667	154.667	154.667	154.667	154.667	154.667	154.667	154.667	154.667	154.667	154.667	154.667	154.667	154.667	154.667	154.667	154.667	154.667	154.667	154.667	154.667	154.667	154.667	154.667
154.667	154.667	154.667	154.667	154.667	154.667	154.667	154.667	154.667	154.667	154.667	154.667	154.667	154.667	154.667	154.667	154.667	154.667	154.667	154.667	154.667	154.667	154.667	154.667	154.667	154.667	154.667
154.667	154.667	154.667	154.667	154.667	154.667	154.667	154.667	154.667	154.667	154.667	154.667	154.667	154.667	154.667	154.667	154.667	154.667	154.667	154.667	154.667	154.667	154.667	154.667	154.667	154.667	154.667
154.667	154.667	154.667	154.667	154.667	154.667	154.667	154.667	154.667	154.667	154.667	154.667	154.667	154.667	154.667	154.667	154.667	154.667	154.667	154.667
154.667	154.667	154.667	154.667	154.667	154.667	154.667	154.667	154.667	154.667	154.667	154.667	154.667	154.667	154.667	154.667	154.667	154.667	154.667	154.667
154.667	154.667	154.667	154.667	154.667	154.667	154.667	154.667	154.667	154.667	154.667	154.667	154.667	154.667	154.667	154.667	154.667	154.667	154.667	154.667	154.667	154.667	154.667	154.667	154.667	154.667	154.667	154.667	154.667	154.667	154.667	154.667	154.667	154.667
154.667	154.694	154.721	154.749	154.776	154.803	154.83	154.857	154.885	154.912	154.939	154.966	154.993	155.02	155.048	155.075	155.102	155.129	155.156	155.184	155.211	155.238	155.265	155.292	155.32	155.347	155.374	155.401	155.428	155.455	155.483	155.51	155.537	155.564	155.591	155.619	155.646	155.673	155.7	155.727	155.755	155.782	155.809	155.836	155.863	155.89	155.918	155.945	155.972	155.999	156.026	156.054	156.062
156.062	156.062	156.062	156.062	156.062	156.062	156.062	156.062	156.062	156.062	156.062	156.062
156.062	156.094	156.125	156.157	156.189	156.221	156.252	156.284	156.316	156.347	156.379	156.411	156.443	156.474	156.506	156.527
156.527	156.527	156.527	156.527	156.527	156.527	156.527	156.527	156.527	156.527	156.527	156.527	156.527	156.527	156.527	156.527
156.527	156.527	156.527	156.527	156.527	156.527	156.527	156.527	156.527	156.527	156.527	156.527
156.527	156.527	156.527	156.527	156.527
156.527	156.527	156.527	156.527	156.527
156.527	156.527	156.527	156.527	156.527
156.527	156.428	156.33	156.231	156.132	156.033	155.935	155.836	155.737	155.639	155.54	155.441	155.343	155.244	155.145	155.047	154.948	154.849	154.751	154.652	154.553	154.455	154.356	154.257	154.159	154.06	153.961	153.863	153.764	153.665	153.567	153.468	153.369	153.271	153.172	153.073	152.975	152.876	152.777	152.679	152.58	152.481	152.382	152.284	152.185	152.086	151.988	151.889	151.79	151.692	151.593	151.494	151.396	151.297	151.198	151.1	151.001	150.902	150.804	150.705	150.606	150.508	150.409	150.31	150.212	150.113	150.018
150.018	149.927	149.836	149.746	149.655	149.564	149.474	149.383	149.293	149.202	149.111	149.021	148.93	148.839	148.749	148.658	148.568	148.477	148.386	148.296	148.205	148.114	148.024	147.933	147.843	147.752	147.661	147.571	147.48	147.39	147.299	147.208	147.118	147.027	146.936	146.846	146.755	146.665	146.574	146.483	146.393	146.302	146.211	146.121	146.03	145.94	145.849	145.758	145.668	145.577	145.486	145.396	145.368
145.368	145.277	145.187	145.096	145.006	144.915	144.824	144.734	144.643	144.552	144.462	144.371	144.281	144.19	144.099	144.009	143.918	143.827	143.737	143.646	143.556	143.465	143.374	143.284	143.193	143.102	143.012	142.921	142.831	142.74	142.649	142.559	142.468	142.378	142.287	142.196	142.106	142.015	141.924	141.834	141.743	141.653	141.562	141.471	141.381	141.29	141.199	141.109	141.018	140.928	140.837	140.746	140.718
140.718	140.615	140.511	140.407	140.303	140.199	140.096	139.992	139.888	139.784	139.68	139.577	139.473	139.369	139.265	139.161	139.058	138.954	138.85	138.746	138.642	138.539	138.435	138.331	138.227	138.123	138.02	137.916	137.812	137.708	137.604	137.501	137.397	137.293	137.189	137.085	136.982	136.878	136.774	136.67	136.566	136.463	136.359	136.255	136.151	136.047	135.944	135.84	135.736	135.632	135.528	135.425	135.321	135.217	135.113	135.009	134.906	134.802	134.698	134.594	134.49	134.387	134.283	134.179	134.075	133.971	133.868	133.764	133.66	133.556	133.452	133.349	133.245	133.141	133.037	132.933	132.83	132.726	132.622	132.518	132.414	132.349
132.349	132.232	132.115	131.998	131.881	131.764	131.647	131.53	131.412	131.295	131.178	131.061	130.944	130.827	130.71	130.593	130.476	130.358	130.241	130.124	130.007	129.89	129.773	129.656	129.539	129.422	129.304	129.187	129.07	128.953	128.836	128.719	128.602	128.485	128.368	128.25	128.133	128.016	127.899	127.782	127.665	127.548	127.431	127.314	127.196	127.079	126.962	126.845	126.728	126.611	126.494	126.377	126.26	126.142	126.025	125.908	125.791	125.674	125.557	125.44	125.323	125.206	125.088	124.971	124.854	124.737	124.62	124.503	124.386	124.269	124.152	124.034	123.917	123.8	123.683	123.566	123.449	123.332	123.215	123.098	122.98	122.863	122.746	122.629	122.512	122.395	122.278	122.161	122.044	121.927	121.809	121.692	121.575	121.458	121.341	121.224	121.19
121.19	121.085	120.979	120.873	120.768	120.662	120.556	120.45	120.345	120.239	120.133	120.027	119.922	119.816	119.71	119.605	119.499	119.393	119.287	119.182	119.076	118.97	118.864	118.759	118.653	118.547	118.442	118.336	118.23	118.124	118.019	117.913	117.807	117.702	117.596	117.49	117.384	117.279	117.173	117.067	116.961	116.856	116.75	116.644	116.539	116.433	116.327	116.221	116.116	116.01	115.904	115.798	115.693	115.587	115.481	115.376	115.27	115.164	115.058	114.953	114.847	114.741	114.636	114.53	114.424	114.318	114.213	114.107	114.001	113.895	113.79	113.684	113.578	113.473	113.367	113.261	113.155	113.05	112.944	112.838	112.732	112.627	112.521	112.415	112.31	112.204	112.098	111.992	111.887	111.781	111.675	111.57	111.464	111.358	111.252	111.147	111.041	110.935	110.829	110.724	110.618	110.512	110.407	110.301	110.195	110.089	109.984	109.878	109.772	109.666	109.561	109.455	109.349	109.244	109.138	109.032	108.926	108.821	108.715	108.609	108.504	108.398	108.292	108.186	108.081	107.975	107.869	107.763	107.658	107.552	107.446	107.341	107.242
107.242	107.144	107.047	106.949	106.851	106.754	106.656	106.559	106.461	106.363	106.266	106.168	106.071	105.973	105.876	105.778	105.68	105.583	105.485	105.388	105.29	105.192	105.095	104.997	104.9	104.802	104.704	104.607	104.509	104.412	104.314	104.216	104.119	104.021	103.924	103.826	103.729	103.631	103.533	103.436	103.338	103.241	103.143	103.045	102.948	102.85	102.753	102.655	102.592
102.592	102.511	102.429	102.348	102.266	102.184	102.103	102.021	101.94	101.858	101.777	101.695	101.614	101.532	101.45	101.369	101.287	101.206	101.124	101.043	100.961	100.88	100.798	100.716	100.635	100.553	100.472	100.39	100.309	100.227	100.146	100.064	99.9824	99.9009	99.8193	99.7377	99.6562	99.5746	99.4931	99.4115	99.3299	99.2484	99.1668	99.0853	99.0037	98.9221	98.8406	98.759	98.6775	98.5959	98.5144	98.4328	98.4077
98.4077	98.2808	98.154	98.0271	97.9002	97.7734	97.6465	97.5196	97.3928	97.2659	97.139	97.0121	96.8853	96.7584	96.6315	96.5047	96.3778	96.2509	96.1241	95.9972	95.8703	95.7435	95.6166	95.4897	95.3629	95.236	95.1091	94.9822	94.8554	94.7285	94.6016	94.4748	94.3479	94.221	94.0942	93.9673	93.8404	93.7136	93.5867	93.4598	93.3329	93.2061	93.0792	92.9523	92.8255	92.6986	92.5717	92.4449	92.318	92.1911	92.0643	91.9374	91.8984
91.8984	91.791	91.6837	91.5763	91.469	91.3616	91.2543	91.1469	91.0396	90.9322	90.8249	90.7175	90.6102	90.5028	90.3955	90.2881	90.1808	90.0734	89.966	89.8587	89.7513	89.644	89.5366	89.4293	89.3219	89.2146	89.1072	88.9999	88.8925	88.7852	88.6778	88.5705	88.4631	88.3558	88.2484	88.1411	88.0337	87.9264	87.819	87.7117	87.6043	87.497	87.3896	87.2823	87.1749	87.0676	86.9602	86.8529	86.7839
86.7839	86.6443	86.5048	86.3652	86.2257	86.0861	85.9465	85.807	85.6674	85.5279	85.3883	85.2488	85.1092	84.9696	84.8301	84.6905	84.551	84.4114	84.2719	84.1323	83.9928	83.8532	83.7136	83.5741	83.4345	83.295	83.1554	83.0159	82.8763	82.7368	82.5972	82.4576	82.3181	82.1785	82.039	81.8994	81.7599	81.6694
81.6694	81.5425	81.4157	81.2888	81.1619	81.035	80.9082	80.7813	80.6544	80.5276	80.4007	80.2738	80.147	80.0201	79.8932	79.7664	79.6395	79.5126	79.3857	79.2589	79.132	79.0051	78.8797
78.8797	78.7274	78.5752	78.4229	78.2707	78.1185	77.9662	77.814	77.6617	77.5095	77.3572	77.205	77.0528	76.9005	76.7483	76.596	76.4438	76.2915	76.1393	76.09
76.09	75.9631	75.8362	75.7093	75.625
75.625	75.4981	75.3713	75.2444	75.16
75.16	75.0966	75.0332	74.9697	74.9063	74.8429	74.7794	74.716	74.6951
74.6951	74.5951	74.4951	74.3951	74.2951	74.1951	74.0951	73.9951	73.8951	73.7951	73.7652
73.7652	73.7018	73.6383	73.5749	73.5114	73.448	73.3846	73.3211	73.3002
73.3002	73.3002	73.3002	73.3002	73.3002
73.3002	73.1734	73.0465	72.9196	72.8353
72.8353	72.7084	72.5815	72.4547	72.3278	72.2009	72.0741	71.9472	71.9054
71.9054	71.8208	71.7362	71.6516	71.5671	71.4825	71.3979	71.3133	71.2287	71.1442	71.0596	70.9755
70.9755	70.8697	70.764	70.6583	70.5526	70.4468	70.3411	70.2354	70.1297	70.0239	69.9182	69.8125	69.7068	69.6011	69.4953	69.3896	69.2839	69.1782	69.0724	68.9667	68.861	68.7553	68.6507
68.6507	68.5097	68.3688	68.2278	68.0868	67.9459	67.8049	67.6639	67.523	67.382	67.241	67.1001	66.9591	66.8181	66.6772	66.5362	66.3952	66.2543	66.1133	65.9724	65.8314	65.6904	65.5495	65.4085	65.2675	65.1266	64.9856	64.8446	64.7037	64.5627	64.4217	64.2808	64.1398	64.0012
64.0012	63.8997	63.7982	63.6967	63.5952	63.4937	63.3922	63.2907	63.1892	63.0877	62.9862	62.8847	62.7832	62.6817	62.5802	62.4787	62.3772	62.2757	62.1743	62.1414
62.1414	62.0462	61.9511	61.8559	61.7607	61.6656	61.5704	61.4753	61.3801	61.285	61.1898	61.0947	60.9995	60.9044	60.8092	60.7465
60.7465	60.4928	60.239	59.9853	59.7315	59.4778	59.2241	58.9703	58.7166	58.4629	58.2091	57.9568
57.9568	57.8299	57.703	57.5762	57.4918
57.4918	57.365	57.2381	57.1112	57.0269
57.0269	56.9	56.7731	56.6463	56.5619
56.5619	56.6254	56.6888	56.7522	56.8157	56.8791	56.9425	57.006	57.0269
57.0269	57.0833	57.1396	57.196	57.2524	57.3088	57.3652	57.4216	57.478	57.5343	57.5907	57.6471	57.7035	57.7599	57.8163	57.8727	57.929	57.9854	58.0418	58.0982	58.1546	58.211	58.2674	58.3238	58.3801	58.4365	58.4929	58.5493	58.6057	58.6621	58.7185	58.7748	58.8312	58.8867
58.8867	58.9924	59.0981	59.2039	59.3096	59.4153	59.521	59.6268	59.7325	59.8382	59.9439	60.0496	60.1554	60.2611	60.3668	60.4725	60.5783	60.684	60.7897	60.8954	61.0012	61.1069	61.2114
61.2114	61.2887	61.3659	61.4431	61.5203	61.5976	61.6748	61.752	61.8292	61.9065	61.9837	62.0609	62.1381	62.2154	62.2926	62.3698	62.447	62.5243	62.6015	62.6787	62.7559	62.8332	62.9104	62.9876	63.0648	63.1421	63.2193	63.2965	63.3737	63.451	63.5282	63.6054	63.6826	63.7599	63.8371	63.9143	63.9915	64.0688	64.146	64.2232	64.3004	64.3777	64.4549	64.5321	64.6093	64.6866	64.7638	64.841	64.9182	64.9955	65.0727	65.1499	65.2271	65.3044	65.3816	65.4588	65.536	65.6133	65.6905	65.7677	65.8449	65.9222	65.9994	66.0766	66.1538	66.2311	66.3083	66.3855	66.4627	66.54	66.6172	66.6944	66.7716	66.8489	66.9261	67.0033	67.0805	67.1578	67.235	67.3122	67.3894	67.4666	67.5439	67.6211	67.6983	67.7208
67.7208	67.7604	67.8001	67.8397	67.8794	67.919	67.9587	67.9983	68.038	68.0776	68.1173	68.1569	68.1966	68.2362	68.2758	68.3155	68.3551	68.3948	68.4344	68.4741	68.5137	68.5534	68.593	68.6327	68.6723	68.712	68.7516	68.7913	68.8309	68.8705	68.9102	68.9498	68.9895	69.0291	69.0688	69.1084	69.1481	69.1877	69.2274	69.267	69.3067	69.3463	69.386	69.4256	69.4652	69.5049	69.5445	69.5842	69.6238	69.6635	69.7031	69.7428	69.7824	69.8221	69.8617	69.9014	69.941	69.9807	70.0203	70.0456
70.0456	70.0773	70.109	70.1407	70.1724	70.2041	70.2359	70.2676	70.2993	70.331	70.3627	70.3945	70.4262	70.4579	70.4896	70.5213	70.553	70.5848	70.6165	70.6482	70.6799	70.7116	70.7433	70.7751	70.8068	70.8385	70.8702	70.9019	70.9336	70.9654	70.9971	71.0288	71.0605	71.0922	71.1239	71.1557	71.1874	71.2191	71.2508	71.2825	71.3143	71.346	71.3777	71.4094	71.4411	71.4728	71.5046	71.5363	71.568	71.5997	71.6314	71.6631	71.6949	71.7266	71.7583	71.79	71.8217	71.8534	71.8852	71.9054
71.9054	71.9462	71.9869	72.0277	72.0685	72.1093	72.1501	72.1908	72.2316	72.2724	72.3132	72.3539	72.3947	72.4355	72.4763	72.5171	72.5578	72.5986	72.6394	72.6802	72.721	72.7617	72.8025	72.8433	72.8841	72.9249	72.9656	73.0064	73.0472	73.088	73.1288	73.1695	73.2103	73.2511	73.2919	73.3327	73.3734	73.4142	73.455	73.4958	73.5365	73.5773	73.6181	73.6589	73.6997	73.7404	73.7812	73.822	73.8628	73.9036	73.9443	73.9851	74.0259	74.0667	74.1075	74.1482	74.189	74.2298	74.2706	74.3114	74.3521	74.3929	74.4337	74.4745	74.5153	74.556	74.5968	74.6376	74.6784	74.7192	74.7599	74.8007	74.8415	74.8823	74.923	74.9638	75.0046	75.0454	75.0862	75.1269	75.1677	75.2085	75.2493	75.2901	75.3308	75.3716	75.4124	75.4532	75.494	75.5347	75.5755	75.6163	75.6571	75.6979	75.7386	75.7794	75.8202	75.861	75.9018	75.9425	75.9833	76.0241	76.0649	76.09
76.09	76.1081	76.1262	76.1443	76.1624	76.1806	76.1987	76.2168	76.2349	76.2531	76.2712	76.2893	76.3074	76.3256	76.3437	76.3618	76.3799	76.3981	76.4162	76.4343	76.4524	76.4706	76.4887	76.5068	76.5249	76.5431	76.5612	76.5793	76.5974	76.6156	76.6337	76.6518	76.6699	76.6881	76.7062	76.7243	76.7424	76.7605	76.7787	76.7968	76.8149	76.833	76.8512	76.8693	76.8874	76.9055	76.9237	76.9418	76.9599	76.978	76.9962	77.0143	77.0324	77.0505	77.0687	77.0868	77.1049	77.123	77.1412	77.1593	77.1774	77.1955	77.2137	77.2318	77.2499	77.268	77.2861	77.3043	77.3224	77.3405	77.3586	77.3768	77.3949	77.413	77.4311	77.4493	77.4674	77.4848
77.4848	77.5126	77.5403	77.5681	77.5958	77.6236	77.6513	77.6791	77.7068	77.7346	77.7623	77.7901	77.8178	77.8456	77.8733	77.9011	77.9289	77.9566	77.9844	78.0121	78.0399	78.0676	78.0954	78.1231	78.1509	78.1786	78.2064	78.2341	78.2619	78.2896	78.3174	78.3451	78.3729	78.4006	78.4284	78.4562	78.4839	78.5117	78.5394	78.5672	78.5949	78.6227	78.6504	78.6782	78.7059	78.7337	78.7614	78.7892	78.8169	78.8447	78.8724	78.9002	78.9279	78.9557	78.9835	79.0112	79.039	79.0667	79.0945	79.1222	79.15	79.1777	79.2055	79.2332	79.261	79.2887	79.3165	79.3442	79.372	79.3997	79.4275	79.4552	79.483	79.5108	79.5385	79.5663	79.594	79.6218	79.6495	79.6773	79.705	79.7328	79.7605	79.7883	79.816	79.8438	79.8715	79.8993	79.927	79.9548	79.9825	80.0103	80.0381	80.0658	80.0936	80.1213	80.1491	80.1768	80.2046	80.2323	80.2601	80.2878	80.3156	80.3433	80.3711	80.3988	80.4266	80.4543	80.4821	80.5098	80.5376	80.5654	80.5931	80.6209	80.6486	80.6764	80.7041	80.7319	80.7395
80.7395	80.751	80.7626	80.7741	80.7856	80.7972	80.8087	80.8202	80.8318	80.8433	80.8548	80.8664	80.8779	80.8894	80.901	80.9125	80.924	80.9356	80.9471	80.9586	80.9702	80.9817	80.9932	81.0048	81.0163	81.0278	81.0394	81.0509	81.0624	81.074	81.0855	81.097	81.1086	81.1201	81.1316	81.1432	81.1547	81.1662	81.1778	81.1893	81.2008	81.2124	81.2239	81.2354	81.247	81.2585	81.27	81.2816	81.2931	81.3046	81.3162	81.3277	81.3392	81.3508	81.3623	81.3738	81.3854	81.3969	81.4084	81.42	81.4315	81.443	81.4546	81.4661	81.4776	81.4892	81.5007	81.5122	81.5238	81.5353	81.5468	81.5584	81.5699	81.5814	81.593	81.6045	81.616	81.6276	81.6391	81.6506	81.6622	81.6694
81.6694	81.6863	81.7032	81.7201	81.7371	81.754	81.7709	81.7878	81.8047	81.8216	81.8386	81.8555	81.8724	81.8893	81.9062	81.9231	81.94	81.957	81.9739	81.9908	82.0077	82.0246	82.0415	82.0585	82.0754	82.0923	82.1092	82.1261	82.143	82.16	82.1769	82.1938	82.2107	82.2276	82.2445	82.2614	82.2784	82.2953	82.3122	82.3291	82.346	82.3629	82.3799	82.3968	82.4137	82.4306	82.4475	82.4644	82.4814	82.4983	82.5152	82.5321	82.549	82.5659	82.5829	82.5993
82.5993	82.6044	82.6094	82.6145	82.6196	82.6247	82.6297	82.6348	82.6399	82.645	82.65	82.6551	82.6602	82.6653	82.6703	82.6754	82.6805	82.6856	82.6906	82.6957	82.7008	82.7059	82.7109	82.716	82.7211	82.7262	82.7312	82.7363	82.7414	82.7465	82.7515	82.7566	82.7617	82.7668	82.7718	82.7769	82.782	82.7871	82.7921	82.7972	82.8023	82.8074	82.8124	82.8175	82.8226	82.8277	82.8327	82.8378	82.8429	82.848	82.853	82.8581	82.8632	82.8683	82.8733	82.8784	82.8835	82.8886	82.8936	82.8987	82.9038	82.9089	82.9139	82.919	82.9241	82.9292	82.9342	82.9393	82.9444	82.9495	82.9545	82.9596	82.9647	82.9698	82.9748	82.9799	82.985	82.9901	82.9951	83.0002	83.0053	83.0104	83.0154	83.0205	83.0256	83.0307	83.0357	83.0408	83.0459	83.051	83.056	83.0611	83.0643
83.0643	83.0643	83.0643	83.0643	83.0643	83.0643	83.0643	83.0643	83.0643	83.0643	83.0643	83.0643	83.0643	83.0643	83.0643	83.0643	83.0643	83.0643	83.0643	83.0643	83.0643	83.0643	83.0643	83.0643	83.0643	83.0643	83.0643
83.0643	83.0643	83.0643	83.0643	83.0643	83.0643	83.0643	83.0643	83.0643	83.0643	83.0643	83.0643	83.0643	83.0643	83.0643	83.0643	83.0643	83.0643	83.0643	83.0643	83.0643	83.0643	83.0643	83.0643	83.0643	83.0643	83.0643	83.0643	83.0643	83.0643	83.0643	83.0643	83.0643	83.0643	83.0643	83.0643	83.0643	83.0643
83.0643	83.0643	83.0643	83.0643	83.0643	83.0643	83.0643	83.0643	83.0643	83.0643	83.0643	83.0643	83.0643	83.0643	83.0643	83.0643	83.0643	83.0643	83.0643	83.0643	83.0643	83.0643	83.0643	83.0643	83.0643	83.0643	83.0643	83.0643	83.0643	83.0643	83.0643
83.0643	83.0643	83.0643	83.0643	83.0643
83.0643	83.0643	83.0643	83.0643	83.0643	83.0643	83.0643	83.0643	83.0643	83.0643	83.0643	83.0643
83.0643	83.0643	83.0643	83.0643	83.0643
